VDC@1 net@7 net@26 net@13 net@12 vdd net@14 net@15
[ 0.000000e+00 5.000000e+00 0.000000e+00 0.000000e+00 0.000000e+00 5.000000e+00 5.000000e+00 5.000000e+00 ]
[ 2.500000e-01 5.000000e+00 2.500000e-01 0.000000e+00 0.000000e+00 5.000000e+00 4.999999e+00 5.000000e+00 ]
[ 5.000000e-01 5.000000e+00 5.000000e-01 0.000000e+00 0.000000e+00 5.000000e+00 5.000000e+00 5.000000e+00 ]
[ 7.500000e-01 3.645519e+00 7.500000e-01 7.078990e-01 7.078991e-01 5.000000e+00 4.329044e+00 4.329045e+00 ]
[ 1.000000e+00 3.621566e+00 1.000000e+00 8.485799e-01 8.485799e-01 5.000000e+00 4.318491e+00 4.318490e+00 ]
[ 1.250000e+00 3.583757e+00 1.250000e+00 9.589268e-01 9.589269e-01 5.000000e+00 4.301747e+00 4.301747e+00 ]
[ 1.500000e+00 3.528826e+00 1.500000e+00 1.037851e+00 1.037851e+00 5.000000e+00 4.277723e+00 4.277723e+00 ]
[ 1.750000e+00 3.451995e+00 1.750000e+00 1.083759e+00 1.083759e+00 5.000000e+00 4.245160e+00 4.245160e+00 ]
[ 2.000000e+00 4.366816e+00 2.000000e+00 6.411085e-01 6.411086e-01 5.000000e+00 4.708516e+00 4.708517e+00 ]
[ 2.250000e+00 3.846427e+00 2.250000e+00 7.115254e-01 7.115253e-01 5.000000e+00 4.532100e+00 4.532100e+00 ]
[ 2.500000e+00 2.499999e+00 2.500000e+00 6.457800e-01 6.457799e-01 5.000000e+00 4.354220e+00 4.354220e+00 ]
[ 2.750000e+00 1.153574e+00 2.750000e+00 4.679004e-01 4.679003e-01 5.000000e+00 4.288475e+00 4.288475e+00 ]
[ 3.000000e+00 6.331838e-01 3.000000e+00 2.914835e-01 2.914835e-01 5.000000e+00 4.358892e+00 4.358892e+00 ]
[ 3.250000e+00 1.548005e+00 3.250000e+00 7.548406e-01 7.548404e-01 5.000000e+00 3.916240e+00 3.916241e+00 ]
[ 3.500000e+00 1.471174e+00 3.500000e+00 7.222772e-01 7.222773e-01 5.000000e+00 3.962149e+00 3.962150e+00 ]
[ 3.750000e+00 1.416243e+00 3.750000e+00 6.982528e-01 6.982527e-01 5.000000e+00 4.041073e+00 4.041073e+00 ]
[ 4.000000e+00 1.378435e+00 4.000000e+00 6.815102e-01 6.815101e-01 5.000000e+00 4.151420e+00 4.151421e+00 ]
[ 4.250000e+00 1.354476e+00 4.250000e+00 6.709535e-01 6.709535e-01 5.000000e+00 4.292101e+00 4.292101e+00 ]
[ 4.500000e+00 0.000000e+00 4.500000e+00 0.000000e+00 0.000000e+00 5.000000e+00 0.000000e+00 0.000000e+00 ]
[ 4.750000e+00 0.000000e+00 4.750000e+00 0.000000e+00 0.000000e+00 5.000000e+00 0.000000e+00 0.000000e+00 ]
[ 5.000000e+00 0.000000e+00 5.000000e+00 0.000000e+00 0.000000e+00 5.000000e+00 0.000000e+00 0.000000e+00 ]
