Time(s) net@1 net@4
[ 7.000000e-09 3.924998e-10 1.000000e+00 ]
[ 7.050000e-09 3.974998e-10 1.000000e+00 ]
[ 7.100000e-09 4.024998e-10 1.000000e+00 ]
[ 7.150000e-09 4.074998e-10 1.000000e+00 ]
[ 7.200000e-09 4.124998e-10 1.000000e+00 ]
[ 7.250000e-09 4.174998e-10 1.000000e+00 ]
[ 7.300000e-09 4.224998e-10 1.000000e+00 ]
[ 7.350000e-09 4.274998e-10 1.000000e+00 ]
[ 7.400000e-09 4.324998e-10 1.000000e+00 ]
[ 7.450000e-09 4.374998e-10 1.000000e+00 ]
[ 7.500000e-09 4.424998e-10 1.000000e+00 ]
[ 7.550000e-09 4.474998e-10 1.000000e+00 ]
[ 7.600000e-09 4.524998e-10 1.000000e+00 ]
[ 7.650000e-09 4.574997e-10 1.000000e+00 ]
[ 7.700000e-09 4.624997e-10 1.000000e+00 ]
[ 7.750000e-09 4.674997e-10 1.000000e+00 ]
[ 7.800000e-09 4.724997e-10 1.000000e+00 ]
[ 7.850000e-09 4.774997e-10 1.000000e+00 ]
[ 7.900000e-09 4.824997e-10 1.000000e+00 ]
[ 7.950000e-09 4.874997e-10 1.000000e+00 ]
[ 8.000000e-09 4.924997e-10 1.000000e+00 ]
[ 8.050000e-09 4.974997e-10 1.000000e+00 ]
[ 8.100000e-09 5.024997e-10 1.000000e+00 ]
[ 8.150000e-09 5.074997e-10 1.000000e+00 ]
[ 8.200000e-09 5.124997e-10 1.000000e+00 ]
[ 8.250000e-09 5.174997e-10 1.000000e+00 ]
[ 8.300000e-09 5.224997e-10 1.000000e+00 ]
[ 8.350000e-09 5.274997e-10 1.000000e+00 ]
[ 8.400000e-09 5.324997e-10 1.000000e+00 ]
[ 8.450000e-09 5.374997e-10 1.000000e+00 ]
[ 8.500000e-09 5.424997e-10 1.000000e+00 ]
[ 8.550000e-09 5.474997e-10 1.000000e+00 ]
[ 8.600000e-09 5.524997e-10 1.000000e+00 ]
[ 8.650000e-09 5.574997e-10 1.000000e+00 ]
[ 8.700000e-09 5.624997e-10 1.000000e+00 ]
[ 8.750000e-09 5.674997e-10 1.000000e+00 ]
[ 8.800000e-09 5.724997e-10 1.000000e+00 ]
[ 8.850000e-09 5.774996e-10 1.000000e+00 ]
[ 8.900000e-09 5.824996e-10 1.000000e+00 ]
[ 8.950000e-09 5.874996e-10 1.000000e+00 ]
[ 9.000000e-09 5.924996e-10 1.000000e+00 ]
[ 9.050000e-09 5.962497e-10 7.500011e-01 ]
[ 9.100000e-09 5.987497e-10 5.000011e-01 ]
[ 9.150000e-09 5.999997e-10 2.500011e-01 ]
[ 9.200000e-09 5.999997e-10 1.013279e-06 ]
[ 9.250000e-09 5.999997e-10 0.000000e+00 ]
[ 9.300000e-09 5.999997e-10 0.000000e+00 ]
[ 9.350000e-09 5.999997e-10 0.000000e+00 ]
[ 9.400000e-09 5.999997e-10 0.000000e+00 ]
[ 9.450000e-09 5.999997e-10 0.000000e+00 ]
[ 9.500000e-09 5.999997e-10 0.000000e+00 ]
[ 9.550000e-09 5.999997e-10 0.000000e+00 ]
[ 9.600000e-09 5.999997e-10 0.000000e+00 ]
[ 9.650000e-09 5.999997e-10 0.000000e+00 ]
[ 9.700000e-09 5.999997e-10 0.000000e+00 ]
[ 9.750000e-09 5.999997e-10 0.000000e+00 ]
[ 9.800000e-09 5.999997e-10 0.000000e+00 ]
[ 9.850000e-09 5.999997e-10 0.000000e+00 ]
[ 9.900000e-09 5.999997e-10 0.000000e+00 ]
[ 9.950000e-09 5.999997e-10 0.000000e+00 ]
[ 1.000000e-08 5.999997e-10 0.000000e+00 ]
[ 1.005000e-08 5.999997e-10 0.000000e+00 ]
[ 1.010000e-08 5.999997e-10 0.000000e+00 ]
[ 1.015000e-08 5.999997e-10 0.000000e+00 ]
[ 1.020000e-08 5.999997e-10 0.000000e+00 ]
[ 1.025000e-08 5.999997e-10 0.000000e+00 ]
[ 1.030000e-08 5.999997e-10 0.000000e+00 ]
[ 1.035000e-08 5.999997e-10 0.000000e+00 ]
[ 1.040000e-08 5.999997e-10 0.000000e+00 ]
[ 1.045000e-08 5.999997e-10 0.000000e+00 ]
[ 1.050000e-08 5.999997e-10 0.000000e+00 ]
[ 1.055000e-08 5.999997e-10 0.000000e+00 ]
[ 1.060000e-08 5.999997e-10 0.000000e+00 ]
[ 1.065000e-08 5.999997e-10 0.000000e+00 ]
[ 1.070000e-08 5.999997e-10 0.000000e+00 ]
[ 1.075000e-08 5.999997e-10 0.000000e+00 ]
[ 1.080000e-08 5.999997e-10 0.000000e+00 ]
[ 1.085000e-08 5.999997e-10 0.000000e+00 ]
[ 1.090000e-08 5.999997e-10 0.000000e+00 ]
[ 1.095000e-08 5.999997e-10 0.000000e+00 ]
[ 1.100000e-08 5.999997e-10 0.000000e+00 ]
[ 1.105000e-08 5.999997e-10 0.000000e+00 ]
[ 1.110000e-08 5.999997e-10 0.000000e+00 ]
[ 1.115000e-08 5.999997e-10 0.000000e+00 ]
[ 1.120000e-08 5.999997e-10 0.000000e+00 ]
[ 1.125000e-08 5.999997e-10 0.000000e+00 ]
[ 1.130000e-08 5.999997e-10 0.000000e+00 ]
[ 1.135000e-08 5.999997e-10 0.000000e+00 ]
[ 1.140000e-08 5.999997e-10 0.000000e+00 ]
[ 1.145000e-08 5.999997e-10 0.000000e+00 ]
[ 1.150000e-08 5.999997e-10 0.000000e+00 ]
[ 1.155000e-08 5.999997e-10 0.000000e+00 ]
[ 1.160000e-08 5.999997e-10 0.000000e+00 ]
[ 1.165000e-08 5.999997e-10 0.000000e+00 ]
[ 1.170000e-08 5.999997e-10 0.000000e+00 ]
[ 1.175000e-08 5.999997e-10 0.000000e+00 ]
[ 1.180000e-08 5.999997e-10 0.000000e+00 ]
[ 1.185000e-08 5.999997e-10 0.000000e+00 ]
[ 1.190000e-08 5.999997e-10 0.000000e+00 ]
[ 1.195000e-08 5.999997e-10 0.000000e+00 ]
[ 1.200000e-08 5.999997e-10 0.000000e+00 ]
